g #A {
  p (1,28) (1,12) (3,2) (12,2) (14,12) (14,28) (11,28) (11,15) (4,15) (4,28)
  p (4,12) (5,5) (10,5) (11,12)
}
g #B {
  p (1,2) (10,2) (14,6) (14,11) (10,15) (14,19) (14,25) (10,29) (1,29)
  p (4,6) (8,6) (10,8) (8,11) (4,11)
  p (4,19) (8,19) (10,22) (8,25) (4,25)
}
g #C {
  p (14,4) (12,2) (3,2) (1,4) (1,27) (3,29) (12,29) (14,27) (12,23) (10,25) (6,25) (4,23) (4,8) (6,6) (10,6) (12,8)
}
g #D {
  p (1,2) (11,2) (14,5) (14,26) (11,29) (1,29)
  p (5,6) (8,6) (10,8) (10,23) (8,25) (5,25)
}
