g #A {
  p (1,28) (1,12) (3,2) (12,2) (14,12) (14,28) (11,28) (11,15) (4,15) (4,28)
  p (4,12) (5,5) (10,5) (11,12)
}
g #B {
  p (1,2) (10,2) (14,6) (14,11) (10,15) (14,19) (14,25) (10,29) (1,29)
  p (4,6) (8,6) (10,8) (8,11) (4,11)
  p (4,19) (8,19) (10,22) (8,25) (4,25)
}
g #C {
  p (14,4) (12,2) (3,2) (1,4) (1,27) (3,29) (12,29) (14,27) (12,23) (10,25) (6,25) (4,23) (4,8) (6,6) (10,6) (12,8)
}
g #D {
  p (1,2) (11,2) (14,5) (14,26) (11,29) (1,29)
  p (5,6) (8,6) (10,8) (10,23) (8,25) (5,25)
}

g #E {
  p (0,0) (15,0) (15,6) (5,6) (5,12) (12,12) (12,18) (5,18) (5,24) (15,24) (15,31) (0,31)
}
g #F {
  p (0,0) (5,0) (5,12) (12,12) (12,18) (5,18) (5,24) (15,24) (15,31) (0,31)
}
g #G {
  p (0,31) (15,31) (15,22) (11,22) (11,26) (6,26) (6,7) (11,7) (11,11) (8,11) (8,17) (15,17) (15,0) (0,0)
}
g #H {
  p (0,0) (5,0) (5,14) (10,14) (10,0) (15,0) (15,31) (10,31) (10,20) (5,20) (5,31) (0,31)
}

g #I {
  p (0,0) (15,0) (15,3) (9,3) (9,28) (15,28) (15,31) (0,31) (0,28) (5,28) (5,3) (0,3)
}
g #J {
  p (0,0) (15,0) (15,3) (12,3) (12,31) (0,31) (0,26) (3,26) (3,28) (9,28) (9,3) (0,3)
}
g #K {
  p (0,0) (3,0) (3,12) (15,0) (15,5) (5,15) (5,16) (15,26) (15,31) (3,19) (3,31) (0,31)
}
g #L {
  p (0,0) (3,0) (3,28) (15,28) (15,31) (0,31)
}

g #M {
  p (0,0) (31,0) (31,1) (5,1) (11,7) (11,8) (5,14) (31,14) (31,15) (0,15) (7,8) (7,7)
}
g #N {
  p (0,0) (31,0) (31,1) (2,1) (14,5) (16,7) (19,9) (31,13) (31,15) (0,15) (0,14) (29,14) (17,10) (15,8) (12,6) (0,2)
}
g #O {
  p (0,0) (31,0) (31,15) (0,15)
  p (1,1) (30,1) (30,14) (1,14)
}
g #P {
  p (0,0) (31,0) (31,2) (17,2) (17,15) (0,15)
  p (2,2) (14,2) (14,13) (2,13)
}

g #Q {
	p (2,3) (13,3) (13,24) (15,27) (13,29) (11,26) (2,26)
	p (5,7) (10,7) (10,22) (5,22)
}
g #R {
	p (2,4) (14,4) (14,15) (6,15) (12,30) (10,30) (6,20) (6,26) (2,26)
	p (6,7) (10,7) (10,11) (6,11)
}
g #S {
	p (2,4) (15,4) (15,8) (6,8) (6,12) (15,12) (15,25) (2,25) (2,21) (11,21) (11,15) (2,15)
}
g #T {
	p (2,4) (15,4) (15,9) (11,9) (11,26) (6,26) (6,9) (2,9)
}
g #U {
	p (2,4) (6,4) (6,23) (11,23) (11,4) (15,4) (15,27) (2,27)
}

g #V {
  p (6,0) (8,0) (9,30) (8,30) (7,8) (6,30) (5,30) (6,0)
}
g #W {
  p (5,0) (6,10) (7,0) (9,30) (8,30) (7,15) (6,22) (5,15) (4,30) (3,30) (5,0)
}
g #X {
  p (0,0) (3,0) (6,10) (9,0) (12,0) (8,13) (12,30) (9,30) (6,16) (3,30) (0,30) (4,13) (0,0)
}
g #Y {
  p (7,0) (9,0) (9,15) (11,30) (9,30) (8,20) (7,30) (5,30) (7,15) (7,0)
}
g #Z {
  p (2,0) (14,0) (14,6) (5,6) (14,24) (14,30) (2,30) (2,24) (11,24) (2,6) (2,0)
}
